[{"coordinates": [[0.3745, 0.9507], [0.732, 0.5987], [0.156, 0.156], [0.0581, 0.8662], [0.6011, 0.7081], [0.0206, 0.9699], [0.8324, 0.2123], [0.1818, 0.1834], [0.3042, 0.5248], [0.4319, 0.2912], [0.6119, 0.1395], [0.2921, 0.3664], [0.4561, 0.7852], [0.1997, 0.5142], [0.5924, 0.0465], [0.6075, 0.1705], [0.0651, 0.9489], [0.9656, 0.8084], [0.3046, 0.0977], [0.6842, 0.4402], [0.122, 0.4952]], "time_matrix": [[0.0, 301.02, 494.51, 196.49, 199.18, 212.65, 521.31, 474.68, 259.0, 397.2, 507.13, 354.05, 110.71, 282.12, 558.05, 488.55, 185.64, 364.79, 513.52, 358.26, 312.48], [301.02, 0.0, 435.88, 435.03, 102.36, 481.45, 239.54, 413.61, 260.48, 257.8, 284.79, 298.48, 199.81, 323.38, 341.74, 267.56, 451.95, 188.35, 395.12, 99.33, 371.23], [494.51, 435.88, 0.0, 430.15, 425.5, 495.05, 407.24, 22.58, 238.48, 184.35, 273.72, 150.35, 418.26, 216.51, 269.96, 271.04, 478.86, 623.85, 95.78, 359.88, 204.54], [196.49, 435.03, 430.15, 0.0, 339.33, 66.16, 608.08, 416.35, 252.51, 411.49, 548.2, 331.12, 243.7, 227.65, 587.08, 531.89, 49.8, 545.6, 484.24, 454.37, 225.88], [199.18, 102.36, 425.5, 339.33, 0.0, 382.08, 328.26, 402.99, 209.35, 269.96, 341.22, 276.42, 98.53, 267.47, 396.99, 322.58, 352.56, 226.83, 407.16, 168.3, 314.56], [212.65, 481.45, 495.05, 66.16, 382.08, 0.0, 666.24, 481.71, 316.66, 476.16, 611.65, 397.06, 283.83, 293.78, 651.66, 595.03, 29.52, 575.22, 550.36, 509.45, 291.25], [521.31, 239.54, 407.24, 608.08, 328.26, 666.24, 0.0, 390.74, 368.23, 244.92, 139.32, 337.11, 411.26, 420.62, 175.02, 137.25, 638.18, 366.48, 324.06, 163.11, 458.79], [474.68, 413.61, 22.58, 416.35, 402.99, 481.71, 390.74, 0.0, 217.61, 163.41, 259.4, 128.2, 396.82, 198.77, 259.69, 255.54, 464.61, 601.49, 89.85, 338.54, 190.49], [259.0, 260.48, 238.48, 252.51, 209.35, 316.66, 368.23, 217.61, 0.0, 159.74, 295.85, 95.32, 180.88, 63.02, 335.05, 279.83, 292.11, 431.78, 256.26, 233.58, 110.75], [397.2, 257.8, 184.35, 411.49, 269.96, 476.16, 244.92, 163.41, 159.74, 0.0, 141.24, 95.25, 296.76, 193.16, 175.58, 127.85, 451.84, 445.91, 138.97, 175.81, 222.61], [507.13, 284.79, 273.72, 548.2, 341.22, 611.65, 139.32, 259.4, 295.85, 141.24, 0.0, 235.27, 398.54, 334.23, 57.01, 18.79, 586.07, 453.99, 186.08, 185.56, 363.25], [354.05, 298.48, 150.35, 331.12, 276.42, 397.06, 337.11, 128.2, 95.32, 95.25, 235.27, 0.0, 269.86, 104.58, 263.26, 222.77, 375.1, 483.35, 161.39, 239.39, 128.02], [110.71, 199.81, 418.26, 243.7, 98.53, 283.83, 411.26, 396.82, 180.88, 296.76, 398.54, 269.86, 0.0, 223.84, 450.7, 379.84, 254.33, 306.02, 422.4, 248.15, 265.44], [282.12, 323.38, 216.51, 227.65, 267.47, 293.78, 420.62, 198.77, 63.02, 193.16, 334.23, 104.58, 223.84, 0.0, 366.42, 319.99, 273.04, 492.28, 257.7, 294.07, 47.99], [558.05, 341.74, 269.96, 587.08, 396.99, 651.66, 175.02, 259.69, 335.05, 175.58, 57.01, 263.26, 450.7, 366.42, 0.0, 74.95, 627.1, 509.04, 175.39, 242.56, 390.05], [488.55, 267.56, 271.04, 531.89, 322.58, 595.03, 137.25, 255.54, 279.83, 127.85, 18.79, 222.77, 379.84, 319.99, 74.95, 0.0, 569.24, 438.92, 186.92, 168.24, 350.44], [185.64, 451.95, 478.86, 49.8, 352.56, 29.52, 638.18, 464.61, 292.11, 451.84, 586.07, 375.1, 254.33, 273.04, 627.1, 569.24, 0.0, 546.84, 530.55, 480.77, 274.35], [364.79, 188.35, 623.85, 545.6, 226.83, 575.22, 366.48, 601.49, 431.78, 445.91, 453.99, 483.35, 306.02, 492.28, 509.04, 438.92, 546.84, 0.0, 582.34, 278.05, 539.92], [513.52, 395.12, 95.78, 484.24, 407.16, 550.36, 324.06, 89.85, 256.26, 138.97, 186.08, 161.39, 422.4, 257.7, 175.39, 186.92, 530.55, 582.34, 0.0, 306.77, 262.46], [358.26, 99.33, 359.88, 454.37, 168.3, 509.45, 163.11, 338.54, 233.58, 175.81, 185.56, 239.39, 248.15, 294.07, 242.56, 168.24, 480.77, 278.05, 306.77, 0.0, 338.93], [312.48, 371.23, 204.54, 225.88, 314.56, 291.25, 458.79, 190.49, 110.75, 222.61, 363.25, 128.02, 265.44, 47.99, 390.05, 350.44, 274.35, 539.92, 262.46, 338.93, 0.0]], "demands": [3, 1, 4, 2, 8, 4, 2, 6, 6, 4, 6, 2, 2, 4, 8, 7, 9, 8, 5, 2, 0]}, {"coordinates": [[0.5868, 0.9653], [0.607, 0.276], [0.2963, 0.1653], [0.0156, 0.4234], [0.3949, 0.2935], [0.0141, 0.1988], [0.7113, 0.7902], [0.606, 0.9263], [0.6511, 0.915], [0.85, 0.4495], [0.0954, 0.3708], [0.6688, 0.6659], [0.5913, 0.2747], [0.5612, 0.3829], [0.9717, 0.8489], [0.7217, 0.236], [0.2561, 0.0404], [0.7107, 0.1109], [0.4393, 0.2017], [0.8958, 0.4754], [0.5633, 0.6955]], "time_matrix": [[0.0, 413.76, 510.67, 472.41, 419.2, 574.09, 128.91, 26.08, 48.98, 347.44, 462.78, 186.26, 414.37, 349.78, 241.27, 445.0, 589.35, 518.0, 466.63, 347.53, 162.49], [413.76, 0.0, 197.9, 365.7, 127.69, 358.74, 314.8, 390.18, 384.31, 179.15, 312.19, 236.86, 9.45, 69.78, 407.48, 72.88, 253.59, 116.98, 110.05, 210.57, 253.06], [510.67, 197.9, 0.0, 228.79, 97.04, 170.51, 450.09, 492.96, 497.65, 373.43, 172.43, 374.39, 188.78, 205.69, 576.59, 258.74, 78.73, 250.77, 88.54, 404.97, 356.18], [472.41, 365.7, 228.79, 0.0, 240.56, 134.76, 471.88, 465.33, 482.07, 500.88, 57.35, 418.06, 356.76, 328.26, 627.9, 438.33, 271.35, 457.27, 286.92, 529.04, 366.94], [419.2, 127.69, 97.04, 240.56, 0.0, 235.44, 353.35, 400.25, 403.34, 288.66, 185.59, 277.37, 118.38, 113.28, 480.44, 199.09, 173.2, 218.87, 61.18, 319.74, 261.51], [574.09, 358.74, 170.51, 134.76, 235.44, 0.0, 548.55, 562.72, 575.1, 523.61, 114.15, 482.55, 349.3, 346.35, 694.45, 425.15, 173.54, 421.27, 255.13, 554.44, 444.3], [128.91, 314.8, 450.09, 471.88, 353.35, 548.55, 0.0, 103.25, 83.14, 220.71, 447.08, 78.82, 317.57, 260.45, 160.16, 332.58, 526.3, 407.58, 388.99, 218.93, 105.42], [26.08, 390.18, 492.96, 465.33, 400.25, 562.72, 103.25, 0.0, 27.9, 321.36, 452.71, 160.72, 391.06, 327.15, 224.28, 419.96, 571.5, 493.26, 446.12, 321.6, 140.83], [48.98, 384.31, 497.65, 482.07, 403.34, 575.1, 83.14, 27.9, 0.0, 303.73, 466.67, 149.84, 385.85, 323.78, 196.41, 409.6, 575.8, 483.78, 446.45, 301.87, 141.85], [347.44, 179.15, 373.43, 500.88, 288.66, 523.61, 220.71, 321.36, 303.73, 0.0, 455.22, 169.35, 187.33, 177.83, 250.52, 149.45, 432.7, 219.68, 287.8, 31.57, 226.66], [462.78, 312.19, 172.43, 57.35, 185.59, 114.15, 447.08, 452.71, 466.67, 455.22, 0.0, 386.93, 303.08, 279.57, 598.94, 384.39, 220.44, 400.76, 229.94, 484.32, 341.72], [186.26, 236.86, 374.39, 418.06, 277.37, 482.55, 78.82, 160.72, 149.84, 169.35, 386.93, 0.0, 239.28, 181.66, 212.33, 259.89, 449.63, 333.95, 310.7, 177.81, 65.74], [414.37, 9.45, 188.78, 356.76, 118.38, 349.3, 317.57, 391.06, 385.85, 187.33, 303.08, 239.28, 0.0, 67.39, 413.26, 81.61, 245.38, 121.62, 101.17, 218.82, 253.04], [349.78, 69.78, 205.69, 328.26, 113.28, 346.35, 260.45, 327.15, 323.78, 177.83, 279.57, 181.66, 67.39, 0.0, 372.61, 130.55, 275.21, 186.23, 131.03, 208.29, 187.56], [241.27, 407.48, 576.59, 627.9, 480.44, 694.45, 160.16, 224.28, 196.41, 250.52, 598.94, 212.33, 413.26, 372.61, 0.0, 397.16, 647.82, 469.68, 502.83, 228.68, 261.76], [445.0, 72.88, 258.74, 438.33, 199.09, 425.15, 332.58, 419.96, 409.6, 149.45, 384.39, 259.89, 81.61, 130.55, 397.16, 0.0, 303.01, 75.35, 170.69, 177.61, 291.62], [589.35, 253.59, 78.73, 271.35, 173.2, 173.54, 526.3, 571.5, 575.8, 432.7, 220.44, 449.63, 245.38, 275.21, 647.82, 303.01, 0.0, 276.02, 146.45, 464.15, 434.13], [518.0, 116.98, 250.77, 457.27, 218.87, 421.27, 407.58, 493.26, 483.78, 219.68, 400.76, 333.95, 121.62, 186.23, 469.68, 75.35, 276.02, 0.0, 171.71, 245.28, 361.74], [466.63, 110.05, 88.54, 286.92, 61.18, 255.13, 388.99, 446.12, 446.45, 287.8, 229.94, 310.7, 101.17, 131.03, 502.83, 170.69, 146.45, 171.71, 0.0, 319.36, 305.48], [347.53, 210.57, 404.97, 529.04, 319.74, 554.44, 218.93, 321.6, 301.87, 31.57, 484.32, 177.81, 218.82, 208.29, 228.68, 177.61, 464.15, 245.28, 319.36, 0.0, 239.25], [162.49, 253.06, 356.18, 366.94, 261.51, 444.3, 105.42, 140.83, 141.85, 226.66, 341.72, 65.74, 253.04, 187.56, 261.76, 291.62, 434.13, 361.74, 305.48, 239.25, 0.0]], "demands": [5, 7, 7, 4, 7, 3, 6, 2, 9, 5, 6, 4, 7, 9, 7, 1, 1, 9, 9, 4, 0]}, {"coordinates": [[0.3048, 0.1647], [0.5341, 0.4848], [0.6924, 0.2694], [0.2441, 0.1683], [0.2188, 0.5581], [0.4038, 0.0649], [0.2539, 0.2469], [0.6963, 0.7123], [0.1481, 0.9977], [0.2668, 0.9766], [0.411, 0.0331], [0.3451, 0.6344], [0.6807, 0.5309], [0.4478, 0.5529], [0.5927, 0.0809], [0.3697, 0.2422], [0.8031, 0.4703], [0.9834, 0.3988], [0.8164, 0.7983], [0.1507, 0.5082], [0.6958, 0.8584]], "time_matrix": [[0.0, 236.25, 240.9, 36.48, 241.61, 84.34, 58.01, 403.89, 508.57, 487.67, 101.46, 282.86, 314.87, 248.22, 179.91, 60.65, 350.73, 430.71, 488.62, 225.89, 477.78], [236.25, 0.0, 160.39, 257.56, 194.22, 263.79, 220.54, 167.64, 385.15, 335.85, 280.9, 144.63, 92.21, 65.96, 244.88, 175.83, 161.63, 274.47, 253.12, 230.47, 244.26], [240.9, 160.39, 0.0, 275.74, 332.79, 212.23, 263.45, 265.75, 545.53, 495.23, 220.47, 302.3, 157.06, 224.66, 127.95, 194.31, 137.63, 191.08, 325.94, 355.2, 353.41], [36.48, 257.56, 275.74, 0.0, 234.37, 114.15, 47.53, 424.44, 500.96, 485.17, 128.87, 286.15, 340.52, 261.13, 215.63, 87.44, 381.22, 464.64, 510.68, 211.5, 494.87], [241.61, 194.22, 332.79, 234.37, 0.0, 316.05, 187.9, 301.07, 267.15, 252.75, 335.45, 88.53, 277.62, 137.44, 363.74, 210.05, 354.52, 468.61, 386.44, 50.66, 338.19], [84.34, 263.79, 212.23, 114.15, 316.05, 0.0, 141.47, 426.25, 580.33, 553.16, 19.56, 343.51, 325.24, 293.99, 113.75, 108.33, 341.42, 401.34, 504.9, 306.28, 507.31], [58.01, 220.54, 263.45, 47.53, 187.9, 141.47, 0.0, 385.27, 454.93, 437.89, 159.19, 238.85, 307.59, 217.36, 226.37, 69.54, 355.74, 447.09, 472.61, 168.56, 452.68], [403.89, 167.64, 265.75, 424.44, 301.07, 426.25, 385.27, 0.0, 370.83, 302.58, 442.01, 215.84, 109.24, 177.14, 383.91, 343.45, 158.71, 255.06, 88.63, 349.52, 87.66], [508.57, 385.15, 545.53, 500.96, 267.15, 580.33, 454.93, 370.83, 0.0, 72.34, 599.87, 247.96, 424.93, 321.81, 611.35, 472.4, 504.56, 616.69, 418.45, 293.7, 339.08], [487.67, 335.85, 495.23, 485.17, 252.75, 553.16, 437.89, 302.58, 72.34, 0.0, 572.67, 210.63, 364.95, 276.44, 571.89, 444.94, 442.52, 552.32, 346.68, 289.54, 266.99], [101.46, 280.9, 220.47, 128.87, 335.45, 19.56, 159.19, 442.01, 599.87, 572.67, 0.0, 362.94, 339.7, 312.66, 112.73, 127.88, 352.36, 407.55, 519.57, 325.04, 523.84], [282.86, 144.63, 302.3, 286.15, 88.53, 343.51, 238.85, 215.84, 247.96, 210.63, 362.94, 0.0, 210.72, 78.67, 363.81, 235.78, 291.91, 408.24, 299.39, 139.06, 249.68], [314.87, 92.21, 157.06, 340.52, 277.62, 325.24, 307.59, 109.24, 424.93, 364.95, 339.7, 210.72, 0.0, 140.36, 275.11, 254.61, 81.95, 198.16, 179.92, 318.29, 196.71], [248.22, 65.96, 224.66, 261.13, 137.44, 293.99, 217.36, 177.14, 321.81, 276.44, 312.66, 78.67, 140.36, 0.0, 296.24, 192.22, 218.87, 334.4, 265.69, 180.27, 236.09], [179.91, 244.88, 127.95, 215.63, 363.74, 113.75, 226.37, 383.91, 611.35, 571.89, 112.73, 363.81, 275.11, 296.24, 0.0, 165.13, 265.56, 302.22, 450.88, 368.87, 470.58], [60.65, 175.83, 194.31, 87.44, 210.05, 108.33, 69.54, 343.45, 472.4, 444.94, 127.88, 235.78, 254.61, 192.22, 165.13, 0.0, 293.86, 380.02, 427.98, 206.73, 418.3], [350.73, 161.63, 137.63, 381.22, 354.52, 341.42, 355.74, 158.71, 504.56, 442.52, 352.36, 291.91, 81.95, 218.87, 265.56, 293.86, 0.0, 116.38, 196.96, 392.1, 241.6], [430.71, 274.47, 191.08, 464.64, 468.61, 401.34, 447.09, 255.06, 616.69, 552.32, 407.55, 408.24, 198.16, 334.4, 302.22, 380.02, 116.38, 0.0, 259.8, 503.91, 325.3], [488.62, 253.12, 325.94, 510.68, 386.44, 504.9, 472.61, 88.63, 418.45, 346.68, 519.57, 299.39, 179.92, 265.69, 450.88, 427.98, 196.96, 259.8, 0.0, 435.7, 80.85], [225.89, 230.47, 355.2, 211.5, 50.66, 306.28, 168.56, 349.52, 293.7, 289.54, 325.04, 139.06, 318.29, 180.27, 368.87, 206.73, 392.1, 503.91, 435.7, 0.0, 388.74], [477.78, 244.26, 353.41, 494.87, 338.19, 507.31, 452.68, 87.66, 339.08, 266.99, 523.84, 249.68, 196.71, 236.09, 470.58, 418.3, 241.6, 325.3, 80.85, 388.74, 0.0]], "demands": [4, 3, 3, 3, 4, 7, 4, 9, 1, 8, 7, 2, 8, 1, 9, 9, 2, 7, 3, 7, 0]}, {"coordinates": [[0.5166, 0.2608], [0.9963, 0.9654], [0.5583, 0.8826], [0.1887, 0.2789], [0.7004, 0.8467], [0.8563, 0.4045], [0.8878, 0.8509], [0.9356, 0.7853], [0.669, 0.5807], [0.3723, 0.9401], [0.9737, 0.2839], [0.3054, 0.4856], [0.4484, 0.9945], [0.1759, 0.0181], [0.4939, 0.1788], [0.3665, 0.7442], [0.7209, 0.3081], [0.5425, 0.5088], [0.6363, 0.2505], [0.5899, 0.9789], [0.4867, 0.9061]], "time_matrix": [[0.0, 511.44, 373.92, 197.04, 368.43, 221.31, 418.29, 402.79, 212.61, 416.67, 274.61, 185.07, 442.12, 250.98, 51.05, 303.7, 125.82, 149.61, 72.09, 433.1, 387.6], [511.44, 0.0, 267.45, 635.97, 191.29, 346.86, 94.65, 114.03, 303.06, 374.71, 409.12, 504.7, 329.2, 751.9, 560.01, 400.51, 427.6, 386.25, 480.26, 243.97, 307.82], [373.92, 267.45, 0.0, 424.71, 87.94, 338.02, 198.61, 233.79, 192.93, 116.81, 437.22, 282.43, 94.11, 567.18, 424.04, 141.91, 358.24, 224.48, 382.14, 60.81, 45.21], [197.04, 635.97, 424.71, 0.0, 458.61, 407.59, 541.97, 541.43, 340.35, 411.73, 471.01, 142.42, 456.76, 156.67, 192.72, 298.87, 319.8, 253.16, 269.1, 484.09, 416.64], [368.43, 191.29, 87.94, 458.61, 0.0, 281.33, 112.47, 145.85, 160.71, 204.68, 375.39, 321.11, 175.29, 588.39, 419.46, 209.57, 323.39, 223.78, 359.78, 103.38, 133.08], [221.31, 346.86, 338.02, 407.59, 281.33, 0.0, 268.51, 233.38, 154.29, 433.13, 100.98, 334.1, 430.36, 469.48, 256.16, 357.64, 99.73, 198.41, 161.13, 379.9, 373.84], [418.29, 94.65, 198.61, 541.97, 112.47, 268.51, 0.0, 48.7, 208.61, 313.9, 344.08, 412.49, 277.36, 657.36, 467.41, 319.26, 340.73, 291.64, 390.57, 194.54, 242.93], [402.79, 114.03, 233.79, 541.43, 145.85, 233.38, 48.7, 0.0, 201.64, 350.51, 301.71, 418.7, 318.13, 647.82, 450.18, 342.35, 313.96, 288.36, 367.71, 237.73, 278.92], [212.61, 303.06, 192.93, 340.35, 160.71, 154.29, 208.61, 201.64, 0.0, 279.63, 255.22, 225.5, 281.36, 448.87, 263.03, 206.31, 166.5, 87.3, 199.09, 243.59, 223.79], [416.67, 374.71, 116.81, 411.73, 204.68, 433.13, 313.9, 350.51, 279.63, 0.0, 534.06, 275.64, 56.13, 565.61, 462.57, 117.59, 433.06, 278.2, 443.04, 132.62, 71.61], [274.61, 409.12, 437.22, 471.01, 375.39, 100.98, 344.08, 301.71, 255.22, 534.06, 0.0, 418.84, 530.21, 504.55, 294.71, 457.17, 152.37, 291.8, 203.43, 476.36, 474.08], [185.07, 504.7, 282.43, 142.42, 321.11, 334.1, 412.49, 418.7, 225.5, 275.64, 418.84, 0.0, 317.17, 291.06, 216.05, 159.43, 271.1, 142.94, 243.55, 341.68, 274.75], [442.12, 329.2, 94.11, 456.76, 175.29, 430.36, 277.36, 318.13, 281.36, 56.13, 530.21, 317.17, 0.0, 608.23, 490.18, 158.02, 443.11, 296.84, 460.42, 85.41, 57.8], [250.98, 751.9, 567.18, 156.67, 588.39, 469.48, 657.36, 647.82, 448.87, 565.61, 504.55, 291.06, 608.23, 0.0, 213.78, 450.42, 370.41, 367.51, 309.44, 627.72, 564.49], [51.05, 560.01, 424.04, 192.72, 419.46, 256.16, 467.41, 450.18, 263.03, 462.57, 294.71, 216.05, 490.18, 213.78, 0.0, 347.75, 156.75, 200.14, 95.66, 483.5, 436.4], [303.7, 400.51, 141.91, 298.87, 209.57, 357.64, 319.26, 342.35, 206.31, 117.59, 457.17, 159.43, 158.02, 450.42, 347.75, 0.0, 337.17, 176.35, 337.57, 194.41, 120.99], [125.82, 427.6, 358.24, 319.8, 323.39, 99.73, 340.73, 313.96, 166.5, 433.06, 152.37, 271.1, 443.11, 370.41, 156.75, 337.17, 0.0, 161.12, 61.41, 410.08, 385.34], [149.61, 386.25, 224.48, 253.16, 223.78, 198.41, 291.64, 288.36, 87.3, 278.2, 291.8, 142.94, 296.84, 367.51, 200.14, 176.35, 161.12, 0.0, 164.88, 283.49, 240.72], [72.09, 480.26, 382.14, 269.1, 359.78, 161.13, 390.57, 367.71, 199.09, 443.04, 203.43, 243.55, 460.42, 309.44, 95.66, 337.57, 61.41, 164.88, 0.0, 437.93, 403.47], [433.1, 243.97, 60.81, 484.09, 103.38, 379.9, 194.54, 237.73, 243.59, 132.62, 476.36, 341.68, 85.41, 627.72, 483.5, 194.41, 410.08, 283.49, 437.93, 0.0, 75.78], [387.6, 307.82, 45.21, 416.64, 133.08, 373.84, 242.93, 278.92, 223.79, 71.61, 474.08, 274.75, 57.8, 564.49, 436.4, 120.99, 385.34, 240.72, 403.47, 75.78, 0.0]], "demands": [2, 5, 1, 1, 5, 3, 4, 3, 1, 1, 5, 6, 3, 9, 5, 8, 1, 5, 3, 1, 0]}, {"coordinates": [[0.2944, 0.3851], [0.8511, 0.3169], [0.1695, 0.5568], [0.9362, 0.696], [0.5701, 0.0972], [0.615, 0.9901], [0.1401, 0.5183], [0.8774, 0.7408], [0.697, 0.7025], [0.3595, 0.2936], [0.8094, 0.8101], [0.8671, 0.9132], [0.5113, 0.5015], [0.7983, 0.65], [0.702, 0.7958], [0.89, 0.338], [0.3756, 0.094], [0.5783, 0.0359], [0.4656, 0.5426], [0.2865, 0.5908], [0.0305, 0.0373]], "time_matrix": [[0.0, 336.52, 127.39, 427.88, 239.17, 410.82, 122.3, 409.77, 307.6, 67.38, 400.63, 467.41, 147.7, 341.57, 347.18, 358.48, 181.33, 270.03, 139.58, 123.51, 261.95], [336.52, 0.0, 433.55, 233.12, 214.02, 428.04, 443.38, 254.83, 249.15, 295.29, 296.98, 357.91, 232.02, 202.36, 300.94, 26.55, 315.09, 234.98, 268.03, 376.52, 520.16], [127.39, 433.55, 0.0, 467.54, 365.81, 372.88, 29.07, 438.85, 328.35, 194.77, 412.93, 470.02, 207.75, 381.4, 350.21, 451.79, 303.97, 397.3, 177.86, 73.1, 322.66], [427.88, 233.12, 467.54, 0.0, 421.11, 261.3, 489.41, 44.35, 143.57, 421.93, 102.35, 136.76, 280.38, 87.22, 152.75, 216.58, 493.56, 450.53, 296.98, 394.9, 671.94], [239.17, 214.02, 365.81, 421.11, 0.0, 536.42, 361.11, 427.92, 371.08, 172.78, 451.19, 521.02, 245.13, 358.83, 426.57, 240.24, 116.72, 37.11, 274.5, 341.56, 325.75], [410.82, 428.04, 372.88, 261.3, 536.42, 0.0, 401.65, 217.17, 179.44, 445.13, 158.96, 158.14, 299.69, 231.81, 127.73, 424.63, 556.52, 572.94, 283.07, 310.24, 670.68], [122.3, 443.38, 29.07, 489.41, 361.11, 401.65, 0.0, 462.08, 351.94, 188.43, 438.09, 496.4, 222.95, 402.75, 376.01, 462.76, 291.16, 391.03, 195.84, 98.02, 296.0], [409.77, 254.83, 438.85, 44.35, 427.92, 217.17, 462.08, 0.0, 110.65, 410.55, 58.25, 103.62, 262.42, 72.25, 110.29, 241.8, 491.18, 459.44, 274.21, 365.78, 660.59], [307.6, 249.15, 328.35, 143.57, 371.08, 179.44, 351.94, 110.65, 0.0, 318.12, 93.36, 162.48, 164.19, 68.46, 56.06, 247.47, 412.9, 406.25, 168.76, 255.26, 564.99], [67.38, 295.29, 194.77, 421.93, 172.78, 445.13, 188.43, 410.55, 318.12, 0.0, 410.98, 480.59, 154.45, 339.18, 364.72, 319.41, 120.15, 202.83, 162.4, 183.62, 250.23], [400.63, 296.98, 412.93, 102.35, 451.19, 158.96, 438.09, 58.25, 93.36, 410.98, 0.0, 70.89, 257.44, 96.29, 65.01, 287.36, 502.35, 484.77, 261.37, 340.21, 658.34], [467.41, 357.91, 470.02, 136.76, 521.02, 158.14, 496.4, 103.62, 162.48, 480.59, 70.89, 0.0, 326.49, 163.23, 121.55, 345.39, 573.2, 554.17, 327.84, 398.46, 726.74], [147.7, 232.02, 207.75, 280.38, 245.13, 299.69, 222.95, 262.42, 164.19, 154.45, 257.44, 326.49, 0.0, 193.89, 210.41, 247.49, 257.7, 282.24, 36.88, 145.13, 400.99], [341.57, 202.36, 381.4, 87.22, 358.83, 231.81, 402.75, 72.25, 68.46, 339.18, 96.29, 163.23, 193.89, 0.0, 104.84, 195.12, 419.06, 391.39, 209.76, 309.13, 589.38], [347.18, 300.94, 350.21, 152.75, 426.57, 127.73, 376.01, 110.29, 56.06, 364.72, 65.01, 121.55, 210.41, 104.84, 0.0, 296.94, 464.39, 461.94, 207.84, 277.99, 607.82], [358.48, 26.55, 451.79, 216.58, 240.24, 424.63, 462.76, 241.8, 247.47, 319.41, 287.36, 345.39, 247.49, 195.12, 296.94, 0.0, 341.6, 260.45, 282.69, 392.59, 546.35], [181.33, 315.09, 303.97, 493.56, 116.72, 556.52, 291.16, 491.18, 412.9, 120.15, 502.35, 573.2, 257.7, 419.06, 464.39, 341.6, 0.0, 126.52, 274.52, 302.84, 209.84], [270.03, 234.98, 397.3, 450.53, 37.11, 572.94, 391.03, 459.44, 406.25, 202.83, 484.77, 554.17, 282.24, 391.39, 461.94, 260.45, 126.52, 0.0, 311.45, 376.17, 328.68], [139.58, 268.03, 177.86, 296.98, 274.5, 283.07, 195.84, 274.21, 168.76, 162.4, 261.37, 327.84, 36.88, 209.76, 207.84, 282.69, 274.52, 311.45, 0.0, 111.28, 400.09], [123.51, 376.52, 73.1, 394.9, 341.56, 310.24, 98.02, 365.78, 255.26, 183.62, 340.21, 398.46, 145.13, 309.13, 277.99, 392.59, 302.84, 376.17, 111.28, 0.0, 365.9], [261.95, 520.16, 322.66, 671.94, 325.75, 670.68, 296.0, 660.59, 564.99, 250.23, 658.34, 726.74, 400.99, 589.38, 607.82, 546.35, 209.84, 328.68, 400.09, 365.9, 0.0]], "demands": [6, 6, 5, 1, 8, 5, 5, 7, 4, 6, 4, 3, 7, 8, 4, 2, 3, 1, 8, 3, 0]}, {"coordinates": [[0.2509, 0.1843], [0.0809, 0.4283], [0.6885, 0.0582], [0.9152, 0.4424], [0.2398, 0.0939], [0.1829, 0.9346], [0.6383, 0.5167], [0.6571, 0.4357], [0.73, 0.0477], [0.566, 0.1586], [0.1202, 0.3419], [0.0918, 0.0942], [0.3114, 0.9795], [0.1753, 0.0172], [0.7634, 0.8069], [0.3463, 0.4647], [0.6498, 0.0481], [0.9491, 0.8867], [0.2609, 0.0153], [0.9334, 0.501], [0.5394, 0.684]], "time_matrix": [[0.0, 178.43, 273.24, 427.61, 54.65, 452.03, 306.28, 286.62, 298.92, 189.69, 122.85, 109.7, 478.5, 110.04, 483.84, 177.71, 252.91, 594.23, 101.58, 451.44, 346.2], [178.43, 0.0, 426.87, 500.65, 222.14, 309.88, 338.62, 345.75, 451.47, 333.02, 56.95, 200.57, 358.47, 253.08, 468.29, 160.73, 410.55, 589.07, 270.31, 513.36, 314.99], [273.24, 426.87, 0.0, 267.66, 270.07, 607.07, 276.74, 227.28, 25.68, 95.03, 381.11, 358.67, 597.29, 308.9, 451.46, 318.82, 24.0, 521.11, 257.85, 303.61, 385.99], [427.61, 500.65, 267.66, 0.0, 456.01, 529.4, 172.02, 154.91, 261.59, 269.99, 480.8, 536.4, 484.87, 512.02, 236.91, 341.6, 285.18, 267.35, 468.82, 36.82, 268.06], [54.65, 222.14, 270.07, 456.01, 0.0, 505.57, 348.6, 323.65, 295.42, 199.53, 165.2, 88.8, 533.09, 60.13, 530.76, 231.47, 247.53, 638.27, 48.83, 482.55, 397.08], [452.03, 309.88, 607.07, 529.4, 505.57, 0.0, 370.85, 412.98, 625.24, 519.25, 357.6, 507.19, 81.67, 550.46, 356.63, 298.5, 601.16, 460.62, 553.56, 520.05, 261.46], [306.28, 338.62, 276.74, 172.02, 348.6, 370.85, 0.0, 49.89, 286.73, 219.2, 328.08, 414.46, 339.97, 408.65, 189.61, 177.96, 281.24, 289.93, 376.54, 177.31, 116.61], [286.62, 345.75, 227.28, 154.91, 323.65, 412.98, 49.89, 0.0, 236.87, 175.01, 327.02, 396.27, 386.63, 382.91, 231.67, 187.29, 232.6, 322.37, 346.61, 170.35, 164.87], [298.92, 451.47, 25.68, 261.59, 295.42, 625.24, 286.73, 236.87, 0.0, 118.79, 406.24, 383.94, 612.9, 333.32, 455.96, 340.0, 48.12, 520.28, 282.13, 298.11, 398.54], [189.69, 333.02, 95.03, 269.99, 199.53, 519.25, 219.2, 175.01, 118.79, 0.0, 289.21, 287.13, 515.69, 249.3, 406.61, 226.07, 83.21, 493.64, 202.25, 301.33, 315.64], [122.85, 56.95, 381.11, 480.8, 165.2, 357.6, 328.08, 327.02, 406.24, 289.21, 0.0, 149.59, 399.39, 197.61, 476.21, 154.38, 363.38, 595.15, 213.37, 497.17, 324.64], [109.7, 200.57, 358.67, 536.4, 88.8, 507.19, 414.46, 396.27, 383.94, 287.13, 149.59, 0.0, 547.28, 68.15, 587.57, 269.69, 335.94, 700.49, 111.96, 560.86, 444.25], [478.5, 358.47, 597.29, 484.87, 533.09, 81.67, 339.97, 386.63, 612.9, 515.69, 399.39, 547.28, 0.0, 583.13, 290.3, 309.59, 594.58, 386.65, 579.31, 470.86, 223.94], [110.04, 253.08, 308.9, 512.02, 60.13, 550.46, 408.65, 382.91, 333.32, 249.3, 197.61, 68.15, 583.13, 0.0, 590.78, 287.44, 285.3, 698.37, 51.37, 539.59, 455.84], [483.84, 468.29, 451.46, 236.91, 530.76, 356.63, 189.61, 231.67, 455.96, 406.61, 476.21, 587.57, 290.3, 590.78, 0.0, 323.71, 460.35, 121.27, 562.57, 209.98, 153.3], [177.71, 160.73, 318.82, 341.6, 231.47, 298.5, 177.96, 187.29, 340.0, 226.07, 154.38, 269.69, 309.59, 287.44, 323.71, 0.0, 309.26, 441.5, 274.47, 352.93, 175.32], [252.91, 410.55, 24.0, 285.18, 247.53, 601.16, 281.24, 232.6, 48.12, 83.21, 363.38, 335.94, 594.58, 285.3, 460.35, 309.26, 0.0, 534.25, 234.17, 320.62, 387.25], [594.23, 589.07, 521.11, 267.35, 638.27, 460.62, 289.93, 322.37, 520.28, 493.64, 595.15, 700.49, 386.65, 698.37, 121.27, 441.5, 534.25, 0.0, 666.23, 231.61, 274.26], [101.58, 270.31, 257.85, 468.82, 48.83, 553.56, 376.54, 346.61, 282.13, 202.25, 213.37, 111.96, 579.31, 51.37, 562.57, 274.47, 234.17, 666.23, 0.0, 497.73, 434.63], [451.44, 513.36, 303.61, 36.82, 482.55, 520.05, 177.31, 170.35, 298.11, 301.33, 497.17, 560.86, 470.86, 539.59, 209.98, 352.93, 320.62, 231.61, 497.73, 0.0, 260.65], [346.2, 314.99, 385.99, 268.06, 397.08, 261.46, 116.61, 164.87, 398.54, 315.64, 324.64, 444.25, 223.94, 455.84, 153.3, 175.32, 387.25, 274.26, 434.63, 260.65, 0.0]], "demands": [8, 7, 2, 1, 4, 8, 2, 3, 1, 1, 3, 5, 3, 1, 1, 8, 2, 3, 2, 3, 0]}, {"coordinates": [[0.0712, 0.319], [0.8449, 0.0233], [0.8145, 0.2819], [0.1182, 0.6967], [0.6289, 0.8775], [0.7351, 0.8035], [0.282, 0.1774], [0.7506, 0.8068], [0.9905, 0.4126], [0.372, 0.7764], [0.3408, 0.9308], [0.8584, 0.429], [0.7509, 0.7545], [0.1031, 0.9026], [0.5053, 0.8265], [0.32, 0.8955], [0.3892, 0.0108], [0.9054, 0.0913], [0.3193, 0.9501], [0.9506, 0.5734], [0.6318, 0.4484]], "time_matrix": [[0.0, 496.97, 446.54, 228.37, 473.56, 493.13, 152.37, 501.83, 554.43, 328.47, 401.14, 476.91, 484.35, 350.68, 400.7, 376.74, 265.71, 518.83, 406.87, 549.27, 345.2], [496.97, 0.0, 156.23, 594.44, 528.65, 472.73, 350.17, 473.49, 249.38, 533.56, 622.87, 243.55, 442.33, 690.24, 523.23, 610.78, 273.52, 54.61, 639.28, 336.1, 285.31], [446.54, 156.23, 0.0, 486.29, 374.31, 316.57, 325.59, 317.27, 131.53, 398.15, 482.04, 92.11, 286.12, 566.47, 375.75, 472.83, 302.61, 126.7, 499.02, 193.02, 148.31], [228.37, 594.44, 486.29, 0.0, 325.06, 375.65, 326.71, 385.15, 550.44, 159.61, 193.82, 472.27, 381.2, 123.87, 244.97, 169.96, 442.5, 595.84, 194.1, 504.89, 342.28], [473.56, 528.65, 374.31, 325.06, 0.0, 77.66, 468.8, 84.45, 353.38, 165.65, 175.79, 302.28, 103.95, 315.84, 80.23, 185.65, 539.54, 500.04, 190.8, 265.61, 257.47], [493.13, 472.73, 316.57, 375.65, 77.66, 0.0, 463.71, 9.51, 280.16, 218.47, 248.6, 236.57, 30.89, 383.83, 138.57, 255.1, 518.93, 439.37, 264.53, 189.15, 221.89], [152.37, 350.17, 325.59, 326.71, 468.8, 463.71, 0.0, 470.81, 447.91, 363.43, 453.41, 377.35, 446.15, 448.16, 411.86, 431.46, 118.87, 377.59, 464.16, 466.24, 265.5], [501.83, 473.49, 317.27, 385.15, 84.45, 9.51, 470.81, 0.0, 276.88, 227.89, 256.89, 235.73, 31.38, 392.73, 147.65, 263.78, 524.52, 439.23, 272.69, 184.42, 226.55], [554.43, 249.38, 131.53, 550.44, 353.38, 280.16, 447.91, 276.88, 0.0, 430.54, 498.63, 79.87, 250.5, 608.22, 382.65, 495.78, 433.91, 199.43, 515.94, 99.41, 216.29], [328.47, 533.56, 398.15, 159.61, 165.65, 218.47, 363.43, 227.89, 430.54, 0.0, 94.51, 358.63, 227.72, 178.22, 85.44, 77.97, 459.48, 520.96, 108.91, 367.91, 251.06], [401.14, 622.87, 482.04, 193.82, 175.79, 248.6, 453.41, 256.89, 498.63, 94.51, 0.0, 432.55, 267.83, 143.62, 116.87, 24.58, 552.76, 607.02, 17.34, 424.09, 338.02], [476.91, 243.55, 92.11, 472.27, 302.28, 236.57, 377.35, 235.73, 79.87, 358.63, 432.55, 0.0, 205.68, 534.9, 319.01, 427.43, 377.11, 204.57, 449.87, 102.79, 136.46], [484.35, 442.33, 286.12, 381.2, 103.95, 30.89, 446.15, 31.38, 250.5, 227.72, 267.83, 205.68, 0.0, 398.71, 153.56, 272.03, 496.2, 408.58, 284.31, 161.75, 197.07], [350.68, 690.24, 566.47, 123.87, 315.84, 383.83, 448.16, 392.73, 608.22, 178.22, 143.62, 534.9, 398.71, 0.0, 245.6, 130.21, 561.94, 684.6, 132.81, 545.51, 418.21], [400.7, 523.23, 375.75, 244.97, 80.23, 138.57, 411.86, 147.65, 382.65, 85.44, 116.87, 319.01, 153.56, 245.6, 0.0, 118.64, 494.35, 502.21, 133.99, 307.32, 239.22], [376.74, 610.78, 472.83, 169.96, 185.65, 255.1, 431.46, 263.78, 495.78, 77.97, 24.58, 427.43, 272.03, 130.21, 118.64, 0.0, 532.44, 596.82, 32.76, 424.86, 327.05], [265.71, 273.52, 302.61, 442.5, 539.54, 518.93, 118.87, 524.52, 433.91, 459.48, 552.76, 377.11, 496.2, 561.94, 494.35, 532.44, 0.0, 313.46, 565.14, 476.87, 300.21], [518.83, 54.61, 126.7, 595.84, 500.04, 439.37, 377.59, 439.23, 199.43, 520.96, 607.02, 204.57, 408.58, 684.6, 502.21, 596.82, 313.46, 0.0, 623.84, 290.53, 269.92], [406.87, 639.28, 499.02, 194.1, 190.8, 264.53, 464.16, 272.69, 515.94, 108.91, 17.34, 449.87, 284.31, 132.81, 133.99, 32.76, 565.14, 623.84, 0.0, 441.09, 354.64], [549.27, 336.1, 193.02, 504.89, 265.61, 189.15, 466.24, 184.42, 99.41, 367.91, 424.09, 102.79, 161.75, 545.51, 307.32, 424.86, 476.87, 290.53, 441.09, 0.0, 205.46], [345.2, 285.31, 148.31, 342.28, 257.47, 221.89, 265.5, 226.55, 216.29, 251.06, 338.02, 136.46, 197.07, 418.21, 239.22, 327.05, 300.21, 269.92, 354.64, 205.46, 0.0]], "demands": [3, 9, 4, 5, 4, 5, 7, 9, 7, 5, 7, 5, 3, 7, 2, 9, 1, 6, 7, 8, 0]}, {"coordinates": [[0.8219, 0.7062], [0.0813, 0.0848], [0.9866, 0.3743], [0.3706, 0.8128], [0.9472, 0.986], [0.7534, 0.3763], [0.0835, 0.7771], [0.5584, 0.4242], [0.9064, 0.1112], [0.4926, 0.0114], [0.4687, 0.0563], [0.1188, 0.1175], [0.6492, 0.746], [0.5834, 0.9622], [0.3749, 0.2857], [0.8686, 0.2236], [0.9632, 0.0122], [0.9699, 0.0432], [0.8911, 0.5277], [0.993, 0.0738], [0.5539, 0.9693]], "time_matrix": [[0.0, 580.06, 222.31, 278.23, 183.94, 202.16, 445.08, 231.57, 360.58, 461.33, 443.81, 550.21, 106.34, 209.93, 368.22, 290.91, 424.94, 407.59, 114.87, 393.08, 225.34], [580.06, 0.0, 570.28, 470.03, 749.87, 439.56, 415.38, 351.3, 495.31, 250.68, 233.07, 29.85, 522.96, 606.54, 213.45, 479.66, 530.93, 533.74, 553.8, 547.06, 601.7], [222.31, 570.28, 0.0, 453.68, 367.78, 139.93, 593.31, 258.66, 165.03, 367.78, 364.64, 543.0, 301.2, 427.73, 370.85, 114.84, 217.71, 198.91, 108.42, 180.34, 441.42], [278.23, 470.03, 453.68, 0.0, 361.23, 348.35, 173.59, 258.96, 529.68, 486.38, 457.7, 443.69, 171.9, 156.0, 316.27, 462.88, 597.64, 585.25, 356.08, 579.71, 144.61], [183.94, 749.87, 367.78, 361.23, 0.0, 383.86, 533.16, 409.93, 525.45, 645.25, 627.37, 720.13, 229.58, 218.75, 542.64, 459.86, 584.36, 565.84, 277.03, 548.01, 236.19], [202.16, 439.56, 139.93, 348.35, 383.86, 0.0, 468.39, 120.48, 183.65, 269.11, 256.99, 411.21, 230.46, 366.04, 233.52, 114.77, 252.13, 238.37, 122.79, 231.54, 375.4], [445.08, 415.38, 593.31, 173.59, 533.16, 468.39, 0.0, 355.0, 635.15, 520.88, 490.36, 396.33, 339.93, 319.84, 342.78, 576.36, 699.44, 690.47, 507.14, 689.82, 304.89], [231.57, 351.3, 258.66, 258.96, 409.93, 120.48, 355.0, 0.0, 280.83, 250.81, 227.21, 321.61, 200.62, 323.15, 137.94, 221.65, 346.55, 336.48, 209.06, 334.96, 327.07], [360.58, 495.31, 165.03, 529.68, 525.45, 183.65, 635.15, 280.83, 0.0, 255.4, 264.68, 472.58, 410.96, 546.14, 335.65, 71.15, 68.48, 55.82, 250.07, 56.6, 556.61], [461.33, 250.68, 367.78, 486.38, 645.25, 269.11, 520.88, 250.81, 255.4, 0.0, 30.52, 233.14, 450.66, 573.08, 179.09, 259.05, 282.36, 287.01, 391.32, 302.57, 575.92], [443.81, 233.07, 364.64, 457.7, 627.37, 256.99, 490.36, 227.21, 264.68, 30.52, 0.0, 213.13, 427.76, 547.88, 148.7, 260.09, 297.88, 300.82, 379.78, 314.76, 550.18], [550.21, 29.85, 543.0, 443.69, 720.13, 411.21, 396.33, 321.61, 472.58, 233.14, 213.13, 0.0, 493.44, 578.42, 183.84, 454.36, 510.56, 512.6, 524.69, 525.17, 573.89], [106.34, 522.96, 301.2, 171.9, 229.58, 230.46, 339.93, 200.62, 410.96, 450.66, 427.76, 493.44, 0.0, 135.59, 321.5, 339.96, 478.9, 463.51, 195.5, 453.01, 145.67], [209.93, 606.54, 427.73, 156.0, 218.75, 366.04, 319.84, 323.15, 546.14, 573.08, 547.88, 578.42, 135.59, 0.0, 424.74, 475.05, 613.86, 598.18, 319.45, 586.97, 18.21], [368.22, 213.45, 370.85, 316.27, 542.64, 233.52, 342.78, 137.94, 335.65, 179.09, 148.7, 183.84, 321.5, 424.74, 0.0, 298.55, 389.26, 385.51, 342.07, 392.05, 423.99], [290.91, 479.66, 114.84, 462.88, 459.86, 114.77, 576.36, 221.65, 71.15, 259.05, 260.09, 454.36, 339.96, 475.05, 298.55, 0.0, 138.96, 124.14, 182.96, 116.83, 485.63], [424.94, 530.93, 217.71, 597.64, 584.36, 252.13, 699.44, 346.55, 68.48, 282.36, 297.88, 510.56, 478.9, 613.86, 389.26, 138.96, 0.0, 19.03, 312.31, 41.06, 624.57], [407.59, 533.74, 198.91, 585.25, 565.84, 238.37, 690.47, 336.48, 55.82, 287.01, 300.82, 512.6, 463.51, 598.18, 385.51, 124.14, 19.03, 0.0, 294.52, 23.0, 609.15], [114.87, 553.8, 108.42, 356.08, 277.03, 122.79, 507.14, 209.06, 250.07, 391.32, 379.78, 524.69, 195.5, 319.45, 342.07, 182.96, 312.31, 294.52, 0.0, 279.12, 333.37], [393.08, 547.06, 180.34, 579.71, 548.01, 231.54, 689.82, 334.96, 56.6, 302.57, 314.76, 525.17, 453.01, 586.97, 392.05, 116.83, 41.06, 23.0, 279.12, 0.0, 598.42], [225.34, 601.7, 441.42, 144.61, 236.19, 375.4, 304.89, 327.07, 556.61, 575.92, 550.18, 573.89, 145.67, 18.21, 423.99, 485.63, 624.57, 609.15, 333.37, 598.42, 0.0]], "demands": [2, 9, 1, 1, 5, 6, 6, 3, 7, 9, 8, 6, 8, 5, 8, 4, 8, 2, 5, 9, 0]}, {"coordinates": [[0.9862, 0.6982], [0.5361, 0.3095], [0.8138, 0.6847], [0.1626, 0.9109], [0.8225, 0.9498], [0.7257, 0.6134], [0.4182, 0.9327], [0.8661, 0.0452], [0.0264, 0.3765], [0.8106, 0.9873], [0.1504, 0.5941], [0.3809, 0.9699], [0.8421, 0.8383], [0.4687, 0.4148], [0.2734, 0.0564], [0.8647, 0.8129], [0.9997, 0.9966], [0.5554, 0.769], [0.9448, 0.8496], [0.2473, 0.4505], [0.1292, 0.9541]], "time_matrix": [[0.0, 356.82, 103.76, 510.37, 180.1, 164.37, 368.7, 398.37, 607.37, 202.95, 505.35, 398.09, 120.59, 354.01, 575.5, 100.25, 179.22, 261.95, 94.18, 467.59, 536.63], [356.82, 0.0, 280.07, 424.77, 420.86, 214.92, 380.55, 253.68, 308.45, 438.76, 287.6, 407.03, 366.57, 75.01, 218.87, 360.69, 497.32, 275.94, 406.38, 192.83, 457.37], [103.76, 280.07, 0.0, 413.62, 159.15, 68.0, 280.14, 384.98, 507.34, 181.57, 401.73, 311.04, 93.71, 262.87, 497.24, 82.76, 217.86, 163.08, 126.36, 367.8, 441.42], [510.37, 424.77, 413.62, 0.0, 396.63, 382.11, 153.92, 669.3, 330.89, 391.49, 190.22, 135.68, 410.02, 349.76, 516.99, 425.34, 504.89, 250.59, 470.76, 280.88, 32.76], [180.1, 420.86, 159.15, 396.63, 0.0, 210.03, 242.8, 543.39, 588.63, 23.61, 456.25, 265.23, 67.93, 384.84, 629.19, 85.95, 109.97, 193.52, 94.86, 457.01, 415.99], [164.37, 214.92, 68.0, 382.11, 210.03, 0.0, 265.98, 351.17, 443.0, 230.05, 345.37, 297.58, 151.94, 194.88, 430.51, 145.89, 282.65, 138.41, 193.3, 303.22, 412.16], [368.7, 380.55, 280.14, 153.92, 242.8, 265.98, 0.0, 596.47, 408.21, 237.71, 259.02, 31.61, 260.57, 312.21, 532.91, 277.38, 351.0, 128.16, 319.87, 306.95, 173.87], [398.37, 253.68, 384.98, 669.3, 543.39, 351.17, 596.47, 0.0, 541.62, 566.24, 541.17, 626.56, 476.08, 325.62, 355.68, 460.62, 576.44, 472.6, 484.94, 443.83, 702.06], [607.37, 308.45, 507.34, 330.89, 588.63, 443.0, 408.21, 541.62, 0.0, 596.4, 150.27, 414.74, 562.41, 266.37, 242.59, 567.05, 692.43, 395.23, 619.86, 139.78, 352.01], [202.95, 438.76, 181.57, 391.49, 23.61, 230.05, 237.71, 566.24, 596.4, 0.0, 461.05, 258.03, 91.38, 400.09, 644.87, 109.56, 113.6, 201.5, 115.37, 466.87, 409.32], [505.35, 287.6, 401.73, 190.22, 456.25, 345.37, 259.02, 541.17, 150.27, 461.05, 0.0, 264.51, 440.12, 219.2, 330.95, 448.24, 563.91, 264.69, 500.69, 103.94, 216.37], [398.09, 407.03, 311.04, 135.68, 265.23, 297.58, 31.61, 626.56, 414.74, 258.03, 264.51, 0.0, 287.76, 337.2, 551.88, 305.18, 371.63, 159.66, 345.95, 321.78, 151.32], [120.59, 366.57, 93.71, 410.02, 67.93, 151.94, 260.57, 476.08, 562.41, 91.38, 440.12, 287.76, 0.0, 338.76, 580.11, 20.4, 134.03, 176.97, 61.99, 426.03, 433.35], [354.01, 75.01, 262.87, 349.76, 384.84, 194.88, 312.21, 325.62, 266.37, 400.09, 219.2, 337.2, 338.76, 0.0, 244.89, 336.91, 472.61, 218.79, 386.86, 134.56, 382.36], [575.5, 218.87, 497.24, 516.99, 629.19, 430.51, 532.91, 355.68, 242.59, 644.87, 330.95, 551.88, 580.11, 244.89, 0.0, 576.1, 712.84, 459.82, 623.52, 236.98, 545.52], [100.25, 360.69, 82.76, 425.34, 85.95, 145.89, 277.38, 460.62, 567.05, 109.56, 448.24, 305.18, 20.4, 336.91, 576.1, 0.0, 136.78, 187.44, 52.86, 429.54, 449.36], [179.22, 497.32, 217.86, 504.89, 109.97, 282.65, 351.0, 576.44, 692.43, 113.6, 563.91, 371.63, 134.03, 472.61, 712.84, 136.78, 0.0, 299.52, 94.15, 557.82, 522.92], [261.95, 275.94, 163.08, 250.59, 193.52, 138.41, 128.16, 472.6, 395.23, 201.5, 264.69, 159.66, 176.97, 218.79, 459.82, 187.44, 299.52, 0.0, 238.59, 265.88, 278.8], [94.18, 406.38, 126.36, 470.76, 94.86, 193.3, 319.87, 484.94, 619.86, 115.37, 500.69, 345.95, 61.99, 386.86, 623.52, 52.86, 94.15, 238.59, 0.0, 482.17, 493.36], [467.59, 192.83, 367.8, 280.88, 457.01, 303.22, 306.95, 443.83, 139.78, 466.87, 103.94, 321.78, 426.03, 134.56, 236.98, 429.54, 557.82, 265.88, 482.17, 0.0, 310.36], [536.63, 457.37, 441.42, 32.76, 415.99, 412.16, 173.87, 702.06, 352.01, 409.32, 216.37, 151.32, 433.35, 382.36, 545.52, 449.36, 522.92, 278.8, 493.36, 310.36, 0.0]], "demands": [4, 1, 1, 8, 2, 8, 7, 2, 6, 6, 3, 2, 1, 6, 5, 9, 1, 7, 5, 5, 0]}, {"coordinates": [[0.805, 0.9032], [0.6173, 0.9805], [0.6081, 0.6366], [0.5548, 0.091], [0.7264, 0.5474], [0.4509, 0.9105], [0.298, 0.5236], [0.6976, 0.7965], [0.4593, 0.8421], [0.7689, 0.0662], [0.0459, 0.6208], [0.3474, 0.2091], [0.5796, 0.3416], [0.5373, 0.4601], [0.5848, 0.4003], [0.6977, 0.1801], [0.6965, 0.4117], [0.8743, 0.5152], [0.9731, 0.6019], [0.2238, 0.8218], [0.3451, 0.3476]], "time_matrix": [[0.0, 121.8, 198.86, 509.92, 218.63, 212.51, 380.02, 90.84, 210.63, 502.67, 485.96, 498.82, 363.09, 310.61, 329.4, 438.61, 302.0, 236.48, 207.01, 352.12, 432.75], [121.8, 0.0, 206.41, 535.02, 267.98, 108.31, 334.45, 120.46, 126.03, 556.07, 405.11, 490.35, 384.01, 315.91, 348.67, 482.66, 344.57, 318.93, 311.73, 254.58, 413.37], [198.86, 206.41, 0.0, 328.92, 88.9, 189.48, 198.03, 109.95, 152.23, 355.58, 337.45, 300.43, 177.82, 114.1, 142.47, 279.13, 144.99, 175.55, 219.99, 255.96, 234.45], [509.92, 535.02, 328.92, 0.0, 292.56, 495.64, 301.85, 431.88, 454.29, 129.32, 440.77, 143.2, 151.09, 221.71, 186.45, 101.04, 210.37, 318.64, 396.18, 481.36, 198.83], [218.63, 267.98, 88.9, 292.56, 0.0, 273.47, 257.44, 150.46, 238.64, 289.84, 410.67, 304.81, 151.68, 124.97, 122.51, 221.05, 83.37, 90.82, 151.59, 343.58, 258.29], [212.51, 108.31, 189.48, 495.64, 273.47, 0.0, 249.61, 163.06, 41.35, 541.32, 298.77, 425.4, 349.97, 275.17, 316.49, 462.58, 333.59, 347.55, 363.94, 146.28, 343.65], [380.02, 334.45, 198.03, 301.85, 257.44, 249.61, 0.0, 290.34, 214.21, 393.89, 162.11, 191.01, 201.18, 148.55, 187.31, 316.21, 248.35, 345.82, 407.78, 184.38, 109.32], [90.84, 120.46, 109.95, 431.88, 150.46, 163.06, 290.34, 0.0, 145.57, 440.26, 404.98, 410.32, 281.97, 223.58, 247.17, 369.84, 230.88, 199.32, 202.38, 284.69, 342.46], [210.63, 126.03, 152.23, 454.29, 238.64, 41.35, 214.21, 145.57, 0.0, 501.23, 281.34, 385.69, 308.85, 233.93, 275.57, 422.17, 294.86, 316.97, 340.3, 141.82, 304.51], [502.67, 556.07, 355.58, 129.32, 289.84, 541.32, 393.89, 440.26, 501.23, 0.0, 546.73, 267.04, 200.51, 274.17, 228.88, 80.59, 211.8, 276.72, 343.98, 559.02, 305.23], [485.96, 405.11, 337.45, 440.77, 410.67, 298.77, 162.11, 404.98, 281.34, 546.73, 0.0, 306.18, 361.39, 310.21, 349.36, 472.08, 410.03, 501.06, 556.44, 161.05, 243.1], [498.82, 490.35, 300.43, 143.2, 304.81, 425.4, 191.01, 410.32, 385.69, 267.04, 306.18, 0.0, 160.41, 188.85, 182.89, 210.9, 242.18, 365.62, 443.27, 375.03, 83.11], [363.09, 384.01, 177.82, 151.09, 151.68, 349.97, 201.18, 281.97, 308.85, 200.51, 361.39, 160.41, 0.0, 75.49, 35.36, 120.04, 81.78, 205.22, 283.08, 358.59, 140.75], [310.61, 315.91, 114.1, 221.71, 124.97, 275.17, 148.55, 223.58, 233.93, 274.17, 310.21, 188.85, 75.49, 0.0, 45.82, 193.61, 99.84, 204.88, 274.97, 287.19, 133.62], [329.4, 348.67, 142.47, 186.45, 122.51, 316.49, 187.31, 247.17, 275.57, 228.88, 349.36, 182.89, 35.36, 45.82, 0.0, 148.47, 67.37, 186.88, 262.51, 332.98, 147.25], [438.61, 482.66, 279.13, 101.04, 221.05, 462.58, 316.21, 369.84, 422.17, 80.59, 472.08, 210.9, 120.04, 193.61, 148.47, 0.0, 138.96, 227.27, 302.25, 478.63, 234.22], [302.0, 344.57, 144.99, 210.37, 83.37, 333.59, 248.35, 230.88, 294.86, 211.8, 410.03, 242.18, 81.78, 99.84, 67.37, 138.96, 0.0, 123.44, 201.41, 375.48, 214.32], [236.48, 318.93, 175.55, 318.64, 90.82, 347.55, 345.82, 199.32, 316.97, 276.72, 501.06, 365.62, 205.22, 204.88, 186.88, 227.27, 123.44, 0.0, 78.87, 431.48, 333.06], [207.01, 311.73, 219.99, 396.18, 151.59, 363.94, 407.78, 202.38, 340.3, 343.98, 556.44, 443.27, 283.08, 274.97, 262.51, 302.25, 201.41, 78.87, 0.0, 468.54, 406.52], [352.12, 254.58, 255.96, 481.36, 343.58, 146.28, 184.38, 284.69, 141.82, 559.02, 161.05, 375.03, 358.59, 287.19, 332.98, 478.63, 375.48, 431.48, 468.54, 0.0, 293.68], [432.75, 413.37, 234.45, 198.83, 258.29, 343.65, 109.32, 342.46, 304.51, 305.23, 243.1, 83.11, 140.75, 133.62, 147.25, 234.22, 214.32, 333.06, 406.52, 293.68, 0.0]], "demands": [6, 5, 6, 1, 5, 9, 2, 1, 9, 9, 9, 6, 8, 1, 4, 1, 8, 1, 3, 4, 0]}]